000000001111111111111111111111111111111111111111111111111111111111111111111111111111111111111111111111111111111100000000
000000001111111111111111111111111111111111111111111111111111111111111111111111111111111111111111111111111111111100000000
000000001111111111111111111111111111111111111111111111111111111111111111111111111111111111111111111111111111111100000000
000000000000000000000000000000000000000000000000000000000000000000000000000000000000000000000000000000000000000000000000
000000000000000000000000000000000000000000000000000000000000000000000000000000000000000000000000000000000000000000000000
000000000000000000000000000000000000000000000000000000000000000000000000000000000000000000000000000000000000000000000000
000000000000000000000000000000000000000000000000000000000000000000000000000000000000000000000000000000000000000000000000
000000000000000000000000000000000000000000000000000000000000000000000000000000000000000000000000000000000000000000000000
000000000000000000000000000000000000000000000000000000000000000000000000000000000000000000000000000000000000000000000000
000000000000000000000000000000000000000000000000000000000000000000000000000000000000000000000000000000000000000000000000
000000000000000000000000000000000000000000000000000000000000000000000000000000000000000000000000000000000000000000000000
000000001111111111111111111111111111111111111111111111111100000000001111100000000000000000000000000000000000011101110000
000000001111111111111111111111111111111111111111111111111100000000001111100000000000000000000000000000000000011101110000
000000001111111111111111111111111111111111111111111111111100000000001111100000000000000000000000000000000000011101110000
000000000000000000000000000000000000000000000000000000011100000000001111100000000000000000000000000000000000011101110000
000000000000000000000000000000000000000000000000000000011100000000001111100000000000000000000000000000000000011101110000
000000000000000000000000000000000000000000000000000000011100000000000001111111111000000000000000000000000000011101110000
000000000000000000000000011100000000000000000000000000011100000000000001111111111000000000000000000000000000011101110000
000000000000000000000000011100000000000000000000000000011100000000000001111111111000000000000000000000000000011101110000
000000000000000000000000011100000000000000000000000000011100000000000001111111111000000000000000000000000000011101110000
000000000000000000000000011100000000000000000000000000011100000000000001111111111000000000000000000000000000011101110000
000000000000000000000000011100000000000000000000000000011100000000000000000000011111000000000000000000000000011101110000
000000000000000000000000011100000000000000000000000000011100000000000000000000011111000000000000000000000000011101110000
000000000000000000000000011100000000000000000000000000011100000000000000000000011111000000000000000000000000011101110000
000000000000000000000000011100000000000000000000000000011100000000000000000000011111000000000000000000000000011101110000
000000000000000000000000011100000000000000000000000000011100000000000000000000011111000000000000000000000000011101110000
000000000000000000000000011100000000000000000000000000011100000000000000000000000000000000000000000000000000011101110000
000000000000000000000000011100000000000000000000000000011100000000000000000000000000000000000000000000000000011101110000
000000000000000000000000011100000000000000000000000000011100000000000000000000000000000000000000000000000000011101110000
000000000000000000000000011100000000000000000000000000011100000000000000000000000000000000000000000000000000011101110000
000000000000000000000000011100000000000000000000000000011100000000000000000000000000000000000000000000000000011101110000
000000000000000000000000011100000000000000000000000000011100000000000000000000000000000000000000000000000000011101110000
000000000000000000000000011100000000000000000000000000011111111111111111111111111111111111111111111111100000011101110000
000000000000000000000000011100000000000000000000000000011111111111111111111111111111111111111111111111100000011101110000
000000000000000000000000011100000000000000000000000000011111111111111111111111111111111111111111111111100000011101110000
000000000000000000000000011100000000000000000000000000000000000000000000000000000000000000000000000000000000000000000000
000000000000000000000000011100000000000000000000000000000000000000000000000000000000000000000000000000000000000000000000
000000000000000000000000011100000000000000000000000000000000000000000000000000000000000000000000000000000000000000000000
000000000000000000000000011100000000000000000000000000000000000000000000000000000000000000000000000000000000000000000000
000000000000000000000000011100000000000000000000000000000000000000000000000000000000000000000000000000000000000000000000
000000000000000000000000011100000000000000000000000000000000000000000000000000000000000000000000000000000000000000000000
000000000000000000000000011111111111111111111111111111111111111111111111111111111111111111111111111111111111111111111111
000000000000000000000000011111111111111111111111111111111111111111111111111111111111111111111111111111111111111111111111
000000000000000000000000011111111111111111111111111111111111111111111111111111111111111111111111111111111111111111111111
000000000000000000000000000000000000000000000000000000000000000000000000000000000000000000000000000000000000000000000000
000000000000000000000000000000000000000000000000000000000000000000000000000000000000000000000000000000000000000000000000
000000000000000000000000000000000000000000000000000000000000000000000000000000000000000000000000000000000000000000000000
000000000000000000000000000000000000000000000000000000000000000000000000000000000000000000000000000000000000000000000000
000000000000000000000000000000000000000000000000000000000000000000000000000000000000000000000000000000000000000000000000
000000000000000000000000000000000000000000000000000000000000000000000000000000000000000000000000000000000000000000000000
000000000000000000000000000000000000000000000000000000000000000000000000000000000000000000000000000000000000000000000000
000000000000111111111111111111111111111111111111111111111111111111111111111111111111111111111111111111111111111000000000
000000000000111111111111111111111111111111111111111111111111111111111111111111111111111111111111111111111111111000000000
000000000000111111111111111111111111111111111111111111111111111111111111111111111111111111111111111111111111111000000000
000000000000000000000000000000000000000000000000000000000000000111000000000000000000000000000000000000000000111000000000
000000000000000000000000000000000000000000000000000000000000000111000000000000000000000000000000000000000000111000000000
000000000000000000000000000000000000000000000000000000000000000111000000000000000000000000000000000000000000111000000000
000000000000000000000000000000000000000000000000000000000000000111000000000000000000000000000000000000000000111000000000
000000000000000000000000000000000000000000000000000000000000000111000000000000000000000000000000000000000000111000000000
000000100000000000000000000000001111111111111111000000000000000111000000000000000000000000000000000000000000111000000000
000000011000000000000000000000001111111111111111000000000000000111000000000000000000000000000000000000000000111000000000
000000001100000000000000000000001111111111111111000000000000000111000000000000000000000000000000000000000000111000000000
000000000110000000000000000000001111111111111111000000000000000111000000000000000000000000000000000000000000111000000000
000000000011000000000000000000001111111111111111000000000000000111000000000000000000000000000000000000000000111000000000
000000000001100000000000000000001111111111111111000000000000000111000000000000000000000000000000000000000000111000000000
000000000000110000000000000000001111111111111111000000000000000111000000000000000000000000000000000000000000111000000000
000000000000011000000000000000001111111111111111000000000000000111000000000000000000000000000000000000000000111000000000
000000000000001111111111111111111111111111111111000000000000000111000000000000000000000000000000000000000000111000000000
000000000000011000000000000000001111111111111111000000111111111111111111111111111111111111111111000000000000111000000000
000000000000110000000000000000001111111111111111000000111111111111111111111111111111111111111111000000000000111000000000
000000000001100000000000000000001111111111111111000000111111111111111111111111111111111111111111000000000000111000000000
000000000011000000000000000000001100000000000000000000000000000000000000000000000000000000000000000000000000111000000000
000000000110000000000000000000001100000000000000000000000000000000000000000000000000000000000000000000000000111000000000
000000001100000000000000000000001111111111111111000000000000000000000000000000000000000000000000000000000000000000000000
000000010000000000000000000000001111111111111111000000000000000000000000000000000000000000000000000000000000000000000000
000000000000000000000000000000000000000000000000000000000000000000000000000000000000000000000000000000000000000000000000
000000000000000000000000000000000000000000000000000000111111111111111111111111111111111111111111111111111111111111111111
000000000000000000000000000000000000000000000000000000111111111111111111111111111111111111111111111111111111111111111111
000000000000000000000000000000000000000000000000000000111111111111111111111111111111111111111111111111111111111111111111
000000000000000000000000000000000000000000000000000000111000000000000000000000001110000000000000000000000000000000000000
000000000000000000000000000000000000000000000000000000111000000000000000000000001110000000000000000000000000000000000000
000000000000000000000000000000000000000000000000000000111000000000000000000000001110000000000000000000000000000000000000
000000000000000000000000000000000000000000000000000000111000000000000000000000001110000000000000000000000000000000000000
000000000000000000000000000000000000000000000000000000111000000000000000000000001110000000000000000000000000000000000000
000000000000000000000000000000000000000000000000000000111000000000000000000000001110000000000000000000000000000000000000
111111111111111111111111111111111111111111111000000000111000000000000000000000001110000000000000000000000000000000000000
111111111111111111111111111111111111111111111000000000111000000000000000000000001110000000000000000000000000000000000000
111111111111111111111111111111111111111111111000000000111000000000000000000000000000000000000000000000000000000000000000
000000000000000000000000000000000000000000111000000000111000000000000000000000000000000000000000000000000000000000000000
000000000000000000000000000000000000000000111000000000111000000000000000000000001110000000000000000000000000000000000000
000111111111111111111111111111111111110000111000000000111000000000000000000000001110000000000000000000000000000000000000
000111111111111111111111111111111111110000111000000000111000000000000000000000001110000000000000000000000000000000000000
000111111111111111111111111111111111110000111000000000111000000000000000000000001110000000000000000000000000000000000000
000111000000000000000000000000000001110000111000000000111000000000000000000000001110000000000000000000000000000000000000
000111000000000000000000000000000001110000111000000000111000000000000000000000001110000000000000000000000000000000000000
000111000000000000000000000000000001110000111000000000111000000000000000000000001110000000000000000000000000000000000000
000111000111111111111111111111110001110000111000000000111000000000000000000000001110000000000000000000000000000000000000
000111000111111111111111111111110001110000111000000000111111111111111111111111111111111111111111111111111111111111100000
000111000111111111111111111111110001110000111000000000111111111111111111111111111111111111111111111111111111111111100000
000111000111000000000000000001110001110000111000000000111111111111111111111111111111111111111111111111111111111111100000
000111000111000000000000000001110001110000111000000000000000000000000000000000000000000000000000000000000000000000000000
000111000111000011111111111111110001110000111000000000000000000000000000000000000000000000000000000000000000000000000000
000111000111000011111111111111110001110000111000000000000000000000000000000000000000000000000000000000000000000000000000
000111000111000000000000000000000001110000111000000000111000000000000000000000000000000000000000000000000000000000000000
000111000111000000000000000000000001110000111000000000111000000000000000001111110000000000000111111000000000000000000000
000111000111000000000000000000000001110000111000000000111000000000000000001110111000000000001110111000000000000000000000
000111000111111111111111111111111111110000111000000000111000000000000000001110011100000000011100111000000000000000000000
000111000111111111111111111111111111110000111000000000111000000000000000001110001110000000111000111000000000000000000000
000111000111111111111111111111111111110000111000000000111000000000000000001110000111000001110000111000000000000000000000
000111000000000000000000000000000000000000111000000000111000000000000000001110000011100011100000111000000000000000000000
000111000000000000000000000000000000000000111000000000111000000000000000001110000001110111000000111000000000000000000000
000111000000000000000000000000000000000000111000000000111000000000000000001110000000011100000000111000000000000000000000
000111111111111111111111111111111111111111111000000000111000000000000000001110000000000000000000111000000000000000000000
000111111111111111111111111111111111111111111000000000111000000000000000001110000000000000000000111000000000000000000000
000111111111111111111111111111111111111111111000000000111000000000000000001110000000000000000000111000000000000000000000
000000000000000000000000000000000000000000000000000000111000000000000000000000000000000000000000000000000000000000000000
000000000000000000000000000000000000000000000000000000111000000000000000000000000000000000000000000000000000000000000000
000000000000000000000000000000000000000000000000000000111111111111111111111111111111111111111111111111111111111111111111
000000000000000000000000000000000000000000000000000000111111111111111111111111111111111111111111111111111111111111111111
000000000000000000000000000000000000000000000000000000111111111111111111111111111111111111111111111111111111111111111111
