000000111111111111111111111111111111111111111111111111111111111111111111111111111111111111111111111111111111111111111111
000000111111111111111111111111111111111111111111111111111111111111111111111111111111111111111111111111111111111111111111
000000111111111111111111111111111111111111111111111111111111111111111111111111111111111111111111111111111111111111111111
000000000000000000000000000000000000000000000000000000000011100000000000000000000000000000000000000000000000000000000111
000000000000000000000000000000000000000000000000000000000011100000000000000000000000000000000000000000000000000000000111
000000000000000000000000000000000000000000000000000000000011100000000000000000000000000000000000000000000000000000000111
000000000000000000000000000000000000000000000000000000000011100000000000000000000000000000000000000000000000000000000111
000000000000000000000000000000000000000000000000000000000011100000000000000000000000000000000000000000000000000000000111
000000000000000000000000000000000000000000000000000000000011100000000000000000000000000000000000000000000000000000000111
000000000000000000000000000000000000000000000000000000000011100000000000000000000000000000000000000000000000000000000111
000000000000000000000000000000000000000000000000000000000000000011111111111111111111111111111111111111111111111111111111
000000000000000000000000000000000000000000000000000000000000000011111111111111111111111111111111111111111111111111111111
000000000000000000000000000000000000000000000000000000000000000011111111111111111111111111111111111111111111111111111111
111000000000000000000000000000000000000000000000000000000000000000000000000000000000000000000000000000000000000000000000
111000000000000000000000000000000000000000000000000000000000000000000000000000000000000000000000000000000000000000000000
111000000000000000000000000000000000000000000000000000000000000000000000000000000000000000000000000000000000000000000000
111000000000000000000000000000000000000000000000000000000000000000000000000000000000000000000000000000000000000000000000
111000000000000000000000000000000000000000000000000000000000000000000000000000000000000000000000000000000000000000000000
111000000000000000000000000000000000000000000000000000000000000000000000000000000000000000000000000000000000000000000000
111000000000000000000011100000000000000000000000000000000000000000000000000000000000000000000000000000000000000000000000
111000000000000000000011100000000000000000000000000000000000000000000000000000000000000000000000000000000000000000000000
111000000000000000000011100000000000000000000000000000000000000000000000000000000000000000000000000000000000000000000000
111000000000000000000011100000000000000000000000000000000000000000000000000000000000000000000000000000000000000000000000
111000000000000000000011100000000000000000000000000000000000000000000000000000000000000000000000000000000000000000000000
111000000000000000000011100000000000000000000000000000000000000000000000000000000000000000000000000000000000000000000000
111000000000000000000011100000000000000000000000000000000000000000000000000000000000000000000000000000000000000000000000
111000000000000000000011100000000000000000000000000000000000000000000000000000000000000000000000000000000000000000000000
111111111111111111111111111111111111111111111111111000000001111111111111111111111111111111111111111111111111111111111111
111111111111111111111111111111111111111111111111111000000001111111111111111111111111111111111111111111111111111111111111
111111111111111111111111111111111111111111111111111000000001111111111111111111111111111111111111111111111111111111111111
000000000000000000000000000000000000000000000000111000000001110000000000000000000000000000000000000000000000000000000000
000000000000000000000000000000000000000000000000111000000001110000000000000000000000000000000000000000000000000000000000
000000000000000000000000000000000000000000000000111000000001110000000000000000000000000000000000000000000000000000000000
000000000000000000000000000000000000000000000000111000000001110000000000000000000000000000000000000000000000000000000000
000000000000000000000000000000000000000000000000111000000001110000000000000000000000000000000000000000000000000000000000
000000000000000000000000000000000000000000000000111000000001110000000000000000000000000000000000000000000000000000000000
000000000000000000000000000000000000000000000000111000000001110000000000000000000000000000000000000000000000000000000000
000000000000000000000000000000000000000000000000111000000001110000000000000000000000000000000000000000000000000000000000
000000000000000000000000000000000000000000000000111000000001110000000000000000000000000000000000000000000000000000000000
000000000000000000000000000000000000000000000000111000000001110000000000000000000000000000000000000000000000000000000000
000000000000000000000000000000000000000000000000111000000001110000000000000000000000000000000000000000000000000000000000
000000000000000000000000000000000000000000000000111000000001110000000000000000000000000000000000000000000000000000000000
000000000000000000000000000000000000000000000000111000000001110000000000000000000000000000000000000000000000000000000000
000000000000000000000000000000000000000000000000111000000001110000000000000000000000000000000000000000000000000000000000
000000000000000000000000000000000000000000000000111000000001110000000000000000000000000000000000000000000000000000000000
000000000000000000000000000000000000000000000000111000000001110000000000000000000000000000000000000000000000000000000000
000000000000000000000000000000000000000000000000111000000001110000000000000000000000000000000000000000000000000000000000
000000000000000000000000000000000000000000000000111000000001110000000000000000000000000000000000000000000000000000000000
000000000000000000000000000000000000000000000000111000000001111111111111111111111111111111111111111111000000000000000000
000000000000000000000000000000000000000000000000111000000001111111111111111111111111111111111111111111000000000000000000
000000000000000000000000000000000000000000000000111000000001111111111111111111111111111111111111111111000000000000000000
000000000000000000000000000000000000000000000000000000000000000000000000000000000000000000000000000000000000000000000000
000000000000000000000000000000000000000000000000000000000000000000000000000000000000000000000000000000000000000000000000
000000111111111111111111111111111111111111111111111111111111111111111111111111111111111111111111111111111111111111111111
000000111111111111111111111111111111111111111111111111111111111111111111111111111111111111111111111111111111111111111111
000000111111111111111111111111111111111111111111111111111111111111111111111111111111111111111111111111111111111111111111
000000000000000000000000000000000000000000000000000000000011100000000000000000000000000000000000000000000000000000000111
000000000000000000000000000000000000000000000000000000000011100000000000000000000000000000000000000000000000000000000111
000000000000000000000000000000000000000000000000000000000011100000000000000000000000000000000000000000000000000000000111
000000000000000000000000000000000000000000000000000000000011100000000000000000000000000000000000000000000000000000000111
000000000000000000000000000000000000000000000000000000000011100000000000000000000000000000000000000000000000000000000111
000000000000000000000000000000000000000000000000000000000011100000000000000000000000000000000000000000000000000000000111
000000000000000000000000000000000000000000000000000000000011100000000000000000000000000000000000000000000000000000000111
000000000000000000000000000000000000000000000000000000000000000011111111111111111111111111111111111111111111111111111111
000000000000000000000000000000000000000000000000000000000000000011111111111111111111111111111111111111111111111111111111
000000000000000000000000000000000000000000000000000000000000000011111111111111111111111111111111111111111111111111111111
111000000000000000000000000000000000000000000000000000000000000000000000000000000000000000000000000000000000000000000000
111000000000000000000000000000000000000000000000000000000000000000000000000000000000000000000000000000000000000000000000
111000000000000000000000000000000000000000000000000000000000000000000000000000000000000000000000000000000000000000000000
111000000000000000000000000000000000000000000000000000000000000000000000000000000000000000000000000000000000000000000000
111000000000000000000000000000000000000000000000000000000000000000000000000000000000000000000000000000000000000000000000
111000000000000000000000000000000000000000000000000000000000000000000000000000000000000000000000000000000000000000000000
111000000000000000000011100000000000000000000000000000000000000000000000000000000000000000000000000000000000000000000000
111000000000000000000011100000000000000000000000000000000000000000000000000000000000000000000000000000000000000000000000
111000000000000000000011100000000000000000000000000000000000000000000000000000000000000000000000000000000000000000000000
111000000000000000000011100000000000000000000000000000000000000000000000000000000000000000000000000000000000000000000000
111000000000000000000011100000000000000000000000000000000000000000000000000000000000000000000000000000000000000000000000
111000000000000000000011100000000000000000000000000000000000000000000000000000000000000000000000000000000000000000000000
111000000000000000000011100000000000000000000000000000000000000000000000000000000000000000000000000000000000000000000000
111000000000000000000011100000000000000000000000000000000000000000000000000000000000000000000000000000000000000000000000
111111111111111111111111111111111111111111111111111000000001111111111111111111111111111111111111111111111111111111111111
111111111111111111111111111111111111111111111111111000000001111111111111111111111111111111111111111111111111111111111111
111111111111111111111111111111111111111111111111111000000001111111111111111111111111111111111111111111111111111111111111
000000000000000000000000000000000000000000000000111000000001110000000000000000000000000000000000000000000000000000000000
000000000000000000000000000000000000000000000000111000000001110000000000000000000000000000000000000000000000000000000000
000000000000000000000000000000000000000000000000111000000001110000000000000000000000000000000000000000000000000000000000
000000000000000000000000000000000000000000000000111000000001110000000000000000000000000000000000000000000000000000000000
000000000000000000000000000000000000000000000000111000000001110000000000000000000000000000000000000000000000000000000000
000000000000000000000000000000000000000000000000111000000001110000000000000000000000000000000000000000000000000000000000
000000000000000000000000000000000000000000000000111000000001110000000000000000000000000000000000000000000000000000000000
000000000000000000000000000000000000000000000000111000000001110000000000000000000000000000000000000000000000000000000000
000000000000000000000000000000000000000000000000111000000001110000000000000000000000000000000000000000000000000000000000
000000000000000000000000000000000000000000000000111000000001110000000000000000000000000000000000000000000000000000000000
000000000000000000000000000000000000000000000000111000000001110000000000000000000000000000000000000000000000000000000000
000000000000000000000000000000000000000000000000111000000001110000000000000000000000000000000000000000000000000000000000
000000000000000000000000000000000000000000000000111000000001110000000000000000000000000000000000000000000000000000000000
000000000000000000000000000000000000000000000000111000000001110000000000000000000000000000000000000000000000000000000000
000000000000000000000000000000000000000000000000111000000001110000000000000000000000000000000000000000000000000000000000
000000000000000000000000000000000000000000000000111000000001110000000000000000000000000000000000000000000000000000000000
000000000000000000000000000000000000000000000000111000000001110000000000000000000000000000000000000000000000000000000000
000000000000000000000000000000000000000000000000111000000001110000000000000000000000000000000000000000000000000000000000
000000000000000000000000000000000000000000000000111000000001111111111111111111111111111111111111111111000000000000000000
000000000000000000000000000000000000000000000000111000000001111111111111111111111111111111111111111111000000000000000000
000000000000000000000000000000000000000000000000111000000001111111111111111111111111111111111111111111000000000000000000
000000000001111111111111111111111111111111111111111000000000000000000000000000000000000000000000000000000000000000000000
000000000001111111111111111111111111111111111111111000000000000000000000000000000000000000000000000000000000000000000000
000000000001111111111111111111111111111111111111111000000000000000000000000000000000000000000000000000000000000000000000
000000000001110000000000000000000000000000000000000000000000000000000000000000000000000000000000000000000000000000000000
000000000001110000000000000000000000000000000000000000000000000000000000000000000000000000000000000000000000000000000000
000000000001110000000000000000000000000000000000000000000000000000000000000000000000000000000000000000000000000000000000
000000000001110000000000000000000000000000000000000000000000000000000000000000000000000000000000000000000000000000000000
000000000001110000000000000000000000000000000000000000000000000000000000000000000000000000000000000000000000000000000000
000000000001110000000000000000000000000000000000000000000000000000000000000000000000000000000000000000000000000000000000
000000000001110000000000000000000000000000000000000000000000000000000000000000000000000000000000000000000000000000000000
000000000001110000000000000000000000000000000000000000000000000000000000000000000000000000000000000000000000000000000000
000000000001111111111111111111111111111111111111111111111111111111111111111111111111111111111111111111000000000000000000
000000000001111111111111111111111111111111111111111111111111111111111111111111111111111111111111111111000000000000000000
000000000001111111111111111111111111111111111111111111111111111111111111111111111111111111111111111111000000000000000000
000000000000000000000000000000000000000000000000000000000000000000000000000000000000000000000000000000000000000000000000
000000000000000000000000000000000000000000000000000000000000000000000000000000000000000000000000000000000000000000000000